10
7.577697 3.898253 3.103513 3.227362 5.406350 5.573268 7.787087 5.919063 6.493440 5.921419
6.486289 7.767840 2.050330 2.638666 3.792222 5.938467 6.858875 7.233055 7.787886 6.342112
5.854852 6.304722 4.805594 3.953508 4.637868 6.378134 7.964088 6.061242 6.744935 3.025486
2.161096 6.802221 7.422335 2.148057 4.950484 5.157531 5.578196 2.311745 7.370537 6.369597
6.910100 5.001337 6.861136 2.575811 3.313700 3.552314 4.808635 4.756239 6.257059 3.068318
5.188699 3.006453 6.612884 7.569023 5.656962 2.901101 4.937760 4.264070 7.091608 7.466583
4.303092 3.892975 5.410365 3.126908 2.755049 6.125575 6.797640 5.441219 7.839380 5.804326
7.330530 4.972489 4.109699 6.285382 5.023575 3.353826 3.469847 6.756804 4.971034 7.490562
7.672231 5.199393 3.514956 6.325172 4.204633 4.991891 3.359450 4.121394 5.905111 3.877597
6.612413 6.691023 7.114457 7.699434 2.643937 7.464352 4.016331 6.958283 7.388604 2.256292
