10
0.696469 0.286139 0.226851 0.551315 0.719469 0.423106 0.980764 0.684830 0.480932 0.392118
0.343178 0.729050 0.438572 0.059678 0.398044 0.737995 0.182492 0.175452 0.531551 0.531828
0.634401 0.849432 0.724455 0.611024 0.722443 0.322959 0.361789 0.228263 0.293714 0.630976
0.092105 0.433701 0.430863 0.493685 0.425830 0.312261 0.426351 0.893389 0.944160 0.501837
0.623953 0.115618 0.317285 0.414826 0.866309 0.250455 0.483034 0.985560 0.519485 0.612895
0.120629 0.826341 0.603060 0.545068 0.342764 0.304121 0.417022 0.681301 0.875457 0.510422
0.669314 0.585937 0.624904 0.674689 0.842342 0.083195 0.763683 0.243666 0.194223 0.572457
0.095713 0.885327 0.627249 0.723416 0.016129 0.594432 0.556785 0.158960 0.153071 0.695530
0.318766 0.691970 0.554383 0.388951 0.925132 0.841670 0.357398 0.043591 0.304768 0.398186
0.704959 0.995358 0.355915 0.762548 0.593177 0.691702 0.151127 0.398876 0.240856 0.343456
