10
85.094534 33.713236 36.441989 102.132747 54.277845 75.719041 78.434757 68.944587 191.460887 39.182935
76.210795 248.060758 160.552386 188.626995 250.319678 178.574506 90.434491 75.995750 224.967784 115.042551
114.619148 153.612682 184.946873 216.324238 61.431909 49.383123 220.363346 81.505354 200.652129 108.837156
34.184088 120.638549 78.878730 136.851088 113.670491 165.291516 236.676427 143.372077 109.957052 113.332268
226.944690 118.192124 211.990739 149.928015 40.154280 91.221056 68.995845 85.268690 59.477247 184.908731
225.690802 51.941237 55.452670 252.013100 80.802981 47.349384 88.528212 254.377015 79.787884 124.253713
117.494064 210.423727 65.972574 168.634845 42.868334 92.049706 147.962902 154.882694 134.877142 101.325487
91.106170 67.278239 246.236621 92.236714 236.331777 43.096721 151.395853 188.515109 126.441620 188.396566
92.345585 102.072573 226.383029 56.610645 76.423667 229.849263 208.798152 255.345715 120.726693 237.908348
234.288582 116.737986 238.565530 94.074470 233.115621 125.065360 159.481854 187.544838 146.102121 74.896944
