10
11.047276 31.201228 14.251424 29.533677 17.041993 16.069322 18.833035 28.166122 10.954451 21.032629
16.952293 18.751924 11.106576 28.637089 27.689321 16.449285 13.493295 26.642810 22.274806 11.301285
28.469595 13.652179 11.509454 22.156851 21.776283 9.470479 22.170224 13.888396 16.170678 31.633490
30.068970 8.906521 28.677183 26.085652 17.724290 16.244621 12.102012 17.471816 23.399988 14.590218
19.096504 28.912920 17.627149 22.654118 10.831211 24.852425 17.936808 16.216285 22.302208 12.796742
10.393682 25.630309 8.397068 19.553228 10.302533 19.935352 28.131111 29.535998 25.582196 26.209385
21.455772 19.315470 11.330435 10.267067 30.614152 11.218382 23.136789 23.349637 18.403755 11.740329
28.702616 24.393111 10.057014 21.586461 11.595796 19.458907 28.374518 11.363466 15.909220 23.217779
22.865084 17.481023 24.137548 27.439528 17.287977 21.074210 31.734785 31.639590 16.889163 21.510606
13.994530 31.434833 27.597094 9.064362 17.835989 8.717279 12.989612 23.139175 23.775158 13.983584
