10
1.191519 1.622109 1.437728 1.785359 1.779976 1.272593 1.276464 1.801872 1.958139 1.875933
1.357817 1.500995 1.683463 1.712702 1.370251 1.561196 1.503083 1.013768 1.772827 1.882641
1.364886 1.615396 1.075381 1.368824 1.933140 1.651378 1.397203 1.788730 1.316836 1.568099
1.869127 1.436173 1.802148 1.143767 1.704261 1.704581 1.218792 1.924868 1.442141 1.909316
1.059809 1.184287 1.047355 1.674881 1.594625 1.533310 1.043324 1.561433 1.329668 1.502967
1.111894 1.607194 1.565945 1.006764 1.617442 1.912123 1.790524 1.992081 1.958802 1.791964
1.285251 1.624917 1.478094 1.195675 1.382317 1.053874 1.451648 1.982005 1.123943 1.119381
1.738523 1.587304 1.471633 1.107127 1.229219 1.899965 1.416754 1.535852 1.006209 1.300642
1.436893 1.612149 1.918198 1.625737 1.705998 1.149834 1.746063 1.831007 1.633726 1.438310
1.152573 1.568410 1.528224 1.951429 1.480359 1.502560 1.536878 1.819202 1.057116 1.669422
